-9.42478 0.367879
-9.22339 0.37539
-9.02201 0.398527
-8.82063 0.439119
-8.61924 0.500211
-8.41786 0.585982
-8.21647 0.701451
-8.01509 0.851793
-7.8137 1.04109
-7.61232 1.27038
-7.41094 1.53525
-7.20955 1.82347
-7.00817 2.11385
-6.80678 2.37744
-6.6054 2.58193
-6.40402 2.69853
-6.20263 2.70948
-6.00125 2.61305
-5.79986 2.42409
-5.59848 2.16973
-5.3971 1.88221
-5.19571 1.59157
-4.99433 1.32077
-4.79294 1.08379
-4.59156 0.886445
-4.39017 0.728573
-4.18879 0.606531
-3.98741 0.51524
-3.78602 0.449579
-3.58464 0.405169
-3.38325 0.378726
-3.18187 0.368178
-2.98049 0.372674
-2.7791 0.392579
-2.57772 0.429476
-2.37633 0.486167
-2.17495 0.566621
-1.97356 0.675727
-1.77218 0.81871
-1.5708 1
-1.36941 1.22143
-1.16803 1.47989
-0.966644 1.76485
-0.76526 2.05691
-0.563876 2.32842
-0.362491 2.54725
-0.161107 2.68331
0.0402768 2.71608
0.241661 2.64043
0.443045 2.4681
0.644429 2.2243
0.845813 1.94084
1.0472 1.64872
1.24858 1.37255
1.44997 1.1281
1.65135 0.922686
1.85273 0.757132
2.05412 0.628309
2.2555 0.531291
2.45689 0.460886
2.65827 0.412526
2.85965 0.382695
3.06104 0.369074
3.26242 0.370571
3.46381 0.387307
3.66519 0.42062
3.86658 0.473071
4.06796 0.548404
4.26934 0.65136
4.47073 0.787166
4.67211 0.960534
4.8735 1.17399
5.07488 1.42562
5.27626 1.70654
5.47765 1.99915
5.67903 2.27728
5.88042 2.50924
6.0818 2.6639
6.28319 2.71828
