-2 -6.28319 12
-2 -6.02673 11.8713
-2 -5.77027 11.5184
-2 -5.51382 11.0321
-2 -5.25736 10.5375
-2 -5.0009 10.1619
-2 -4.74445 10.0021
-2 -4.48799 10.099
-2 -4.23153 10.4279
-2 -3.97508 10.904
-2 -3.71862 11.4048
-2 -3.46216 11.8014
-2 -3.20571 11.9918
-2 -2.94925 11.9269
-2 -2.69279 11.6235
-2 -2.43634 11.1596
-2 -2.17988 10.6546
-2 -1.92342 10.2386
-2 -1.66697 10.0184
-2 -1.41051 10.0509
-2 -1.15405 10.3277
-2 -0.897598 10.7775
-2 -0.641141 11.2845
-2 -0.384685 11.7183
-2 -0.128228 11.9673
-2 0.128228 11.9673
-2 0.384685 11.7183
-2 0.641141 11.2845
-2 0.897598 10.7775
-2 1.15405 10.3277
-2 1.41051 10.0509
-2 1.66697 10.0184
-2 1.92342 10.2386
-2 2.17988 10.6546
-2 2.43634 11.1596
-2 2.69279 11.6235
-2 2.94925 11.9269
-2 3.20571 11.9918
-2 3.46216 11.8014
-2 3.71862 11.4048
-2 3.97508 10.904
-2 4.23153 10.4279
-2 4.48799 10.099
-2 4.74445 10.0021
-2 5.0009 10.1619
-2 5.25736 10.5375
-2 5.51382 11.0321
-2 5.77027 11.5184
-2 6.02673 11.8713
-2 6.28319 12

-1.91837 -6.28319 11.0404
-1.91837 -6.02673 10.9117
-1.91837 -5.77027 10.5588
-1.91837 -5.51382 10.0725
-1.91837 -5.25736 9.57786
-1.91837 -5.0009 9.20231
-1.91837 -4.74445 9.04245
-1.91837 -4.48799 9.13943
-1.91837 -4.23153 9.46828
-1.91837 -3.97508 9.94438
-1.91837 -3.71862 10.4452
-1.91837 -3.46216 10.8418
-1.91837 -3.20571 11.0322
-1.91837 -2.94925 10.9673
-1.91837 -2.69279 10.6639
-1.91837 -2.43634 10.2
-1.91837 -2.17988 9.69503
-1.91837 -1.92342 9.27895
-1.91837 -1.66697 9.05884
-1.91837 -1.41051 9.09134
-1.91837 -1.15405 9.3681
-1.91837 -0.897598 9.81788
-1.91837 -0.641141 10.3249
-1.91837 -0.384685 10.7587
-1.91837 -0.128228 11.0077
-1.91837 0.128228 11.0077
-1.91837 0.384685 10.7587
-1.91837 0.641141 10.3249
-1.91837 0.897598 9.81788
-1.91837 1.15405 9.3681
-1.91837 1.41051 9.09134
-1.91837 1.66697 9.05884
-1.91837 1.92342 9.27895
-1.91837 2.17988 9.69503
-1.91837 2.43634 10.2
-1.91837 2.69279 10.6639
-1.91837 2.94925 10.9673
-1.91837 3.20571 11.0322
-1.91837 3.46216 10.8418
-1.91837 3.71862 10.4452
-1.91837 3.97508 9.94438
-1.91837 4.23153 9.46828
-1.91837 4.48799 9.13943
-1.91837 4.74445 9.04245
-1.91837 5.0009 9.20231
-1.91837 5.25736 9.57786
-1.91837 5.51382 10.0725
-1.91837 5.77027 10.5588
-1.91837 6.02673 10.9117
-1.91837 6.28319 11.0404

-1.83673 -6.28319 10.1208
-1.83673 -6.02673 9.9921
-1.83673 -5.77027 9.63918
-1.83673 -5.51382 9.15283
-1.83673 -5.25736 8.65824
-1.83673 -5.0009 8.28269
-1.83673 -4.74445 8.12284
-1.83673 -4.48799 8.21981
-1.83673 -4.23153 8.54867
-1.83673 -3.97508 9.02476
-1.83673 -3.71862 9.52557
-1.83673 -3.46216 9.9222
-1.83673 -3.20571 10.1126
-1.83673 -2.94925 10.0477
-1.83673 -2.69279 9.74427
-1.83673 -2.43634 9.28038
-1.83673 -2.17988 8.77542
-1.83673 -1.92342 8.35934
-1.83673 -1.66697 8.13922
-1.83673 -1.41051 8.17173
-1.83673 -1.15405 8.44848
-1.83673 -0.897598 8.89826
-1.83673 -0.641141 9.40531
-1.83673 -0.384685 9.83913
-1.83673 -0.128228 10.0881
-1.83673 0.128228 10.0881
-1.83673 0.384685 9.83913
-1.83673 0.641141 9.40531
-1.83673 0.897598 8.89826
-1.83673 1.15405 8.44848
-1.83673 1.41051 8.17173
-1.83673 1.66697 8.13922
-1.83673 1.92342 8.35934
-1.83673 2.17988 8.77542
-1.83673 2.43634 9.28038
-1.83673 2.69279 9.74427
-1.83673 2.94925 10.0477
-1.83673 3.20571 10.1126
-1.83673 3.46216 9.9222
-1.83673 3.71862 9.52557
-1.83673 3.97508 9.02476
-1.83673 4.23153 8.54867
-1.83673 4.48799 8.21981
-1.83673 4.74445 8.12284
-1.83673 5.0009 8.28269
-1.83673 5.25736 8.65824
-1.83673 5.51382 9.15283
-1.83673 5.77027 9.63918
-1.83673 6.02673 9.9921
-1.83673 6.28319 10.1208

-1.7551 -6.28319 9.24115
-1.7551 -6.02673 9.11247
-1.7551 -5.77027 8.75954
-1.7551 -5.51382 8.2732
-1.7551 -5.25736 7.77861
-1.7551 -5.0009 7.40306
-1.7551 -4.74445 7.2432
-1.7551 -4.48799 7.34018
-1.7551 -4.23153 7.66903
-1.7551 -3.97508 8.14513
-1.7551 -3.71862 8.64593
-1.7551 -3.46216 9.04256
-1.7551 -3.20571 9.23294
-1.7551 -2.94925 9.16807
-1.7551 -2.69279 8.86464
-1.7551 -2.43634 8.40075
-1.7551 -2.17988 7.89578
-1.7551 -1.92342 7.4797
-1.7551 -1.66697 7.25959
-1.7551 -1.41051 7.29209
-1.7551 -1.15405 7.56885
-1.7551 -0.897598 8.01863
-1.7551 -0.641141 8.52568
-1.7551 -0.384685 8.9595
-1.7551 -0.128228 9.20844
-1.7551 0.128228 9.20844
-1.7551 0.384685 8.9595
-1.7551 0.641141 8.52568
-1.7551 0.897598 8.01863
-1.7551 1.15405 7.56885
-1.7551 1.41051 7.29209
-1.7551 1.66697 7.25959
-1.7551 1.92342 7.4797
-1.7551 2.17988 7.89578
-1.7551 2.43634 8.40075
-1.7551 2.69279 8.86464
-1.7551 2.94925 9.16807
-1.7551 3.20571 9.23294
-1.7551 3.46216 9.04256
-1.7551 3.71862 8.64593
-1.7551 3.97508 8.14513
-1.7551 4.23153 7.66903
-1.7551 4.48799 7.34018
-1.7551 4.74445 7.2432
-1.7551 5.0009 7.40306
-1.7551 5.25736 7.77861
-1.7551 5.51382 8.2732
-1.7551 5.77027 8.75954
-1.7551 6.02673 9.11247
-1.7551 6.28319 9.24115

-1.67347 -6.28319 8.4015
-1.67347 -6.02673 8.27282
-1.67347 -5.77027 7.91989
-1.67347 -5.51382 7.43355
-1.67347 -5.25736 6.93896
-1.67347 -5.0009 6.56341
-1.67347 -4.74445 6.40355
-1.67347 -4.48799 6.50053
-1.67347 -4.23153 6.82938
-1.67347 -3.97508 7.30548
-1.67347 -3.71862 7.80628
-1.67347 -3.46216 8.20291
-1.67347 -3.20571 8.39329
-1.67347 -2.94925 8.32842
-1.67347 -2.69279 8.02499
-1.67347 -2.43634 7.5611
-1.67347 -2.17988 7.05613
-1.67347 -1.92342 6.64005
-1.67347 -1.66697 6.41994
-1.67347 -1.41051 6.45244
-1.67347 -1.15405 6.7292
-1.67347 -0.897598 7.17898
-1.67347 -0.641141 7.68603
-1.67347 -0.384685 8.11985
-1.67347 -0.128228 8.36879
-1.67347 0.128228 8.36879
-1.67347 0.384685 8.11985
-1.67347 0.641141 7.68603
-1.67347 0.897598 7.17898
-1.67347 1.15405 6.7292
-1.67347 1.41051 6.45244
-1.67347 1.66697 6.41994
-1.67347 1.92342 6.64005
-1.67347 2.17988 7.05613
-1.67347 2.43634 7.5611
-1.67347 2.69279 8.02499
-1.67347 2.94925 8.32842
-1.67347 3.20571 8.39329
-1.67347 3.46216 8.20291
-1.67347 3.71862 7.80628
-1.67347 3.97508 7.30548
-1.67347 4.23153 6.82938
-1.67347 4.48799 6.50053
-1.67347 4.74445 6.40355
-1.67347 5.0009 6.56341
-1.67347 5.25736 6.93896
-1.67347 5.51382 7.43355
-1.67347 5.77027 7.91989
-1.67347 6.02673 8.27282
-1.67347 6.28319 8.4015

-1.59184 -6.28319 7.60183
-1.59184 -6.02673 7.47315
-1.59184 -5.77027 7.12023
-1.59184 -5.51382 6.63388
-1.59184 -5.25736 6.13929
-1.59184 -5.0009 5.76374
-1.59184 -4.74445 5.60389
-1.59184 -4.48799 5.70086
-1.59184 -4.23153 6.02972
-1.59184 -3.97508 6.50581
-1.59184 -3.71862 7.00662
-1.59184 -3.46216 7.40325
-1.59184 -3.20571 7.59362
-1.59184 -2.94925 7.52875
-1.59184 -2.69279 7.22532
-1.59184 -2.43634 6.76143
-1.59184 -2.17988 6.25647
-1.59184 -1.92342 5.84039
-1.59184 -1.66697 5.62027
-1.59184 -1.41051 5.65278
-1.59184 -1.15405 5.92953
-1.59184 -0.897598 6.37931
-1.59184 -0.641141 6.88636
-1.59184 -0.384685 7.32018
-1.59184 -0.128228 7.56913
-1.59184 0.128228 7.56913
-1.59184 0.384685 7.32018
-1.59184 0.641141 6.88636
-1.59184 0.897598 6.37931
-1.59184 1.15405 5.92953
-1.59184 1.41051 5.65278
-1.59184 1.66697 5.62027
-1.59184 1.92342 5.84039
-1.59184 2.17988 6.25647
-1.59184 2.43634 6.76143
-1.59184 2.69279 7.22532
-1.59184 2.94925 7.52875
-1.59184 3.20571 7.59362
-1.59184 3.46216 7.40325
-1.59184 3.71862 7.00662
-1.59184 3.97508 6.50581
-1.59184 4.23153 6.02972
-1.59184 4.48799 5.70086
-1.59184 4.74445 5.60389
-1.59184 5.0009 5.76374
-1.59184 5.25736 6.13929
-1.59184 5.51382 6.63388
-1.59184 5.77027 7.12023
-1.59184 6.02673 7.47315
-1.59184 6.28319 7.60183

-1.5102 -6.28319 6.84215
-1.5102 -6.02673 6.71347
-1.5102 -5.77027 6.36054
-1.5102 -5.51382 5.8742
-1.5102 -5.25736 5.37961
-1.5102 -5.0009 5.00406
-1.5102 -4.74445 4.8442
-1.5102 -4.48799 4.94118
-1.5102 -4.23153 5.27003
-1.5102 -3.97508 5.74613
-1.5102 -3.71862 6.24693
-1.5102 -3.46216 6.64356
-1.5102 -3.20571 6.83394
-1.5102 -2.94925 6.76907
-1.5102 -2.69279 6.46564
-1.5102 -2.43634 6.00175
-1.5102 -2.17988 5.49678
-1.5102 -1.92342 5.0807
-1.5102 -1.66697 4.86059
-1.5102 -1.41051 4.89309
-1.5102 -1.15405 5.16985
-1.5102 -0.897598 5.61963
-1.5102 -0.641141 6.12668
-1.5102 -0.384685 6.5605
-1.5102 -0.128228 6.80944
-1.5102 0.128228 6.80944
-1.5102 0.384685 6.5605
-1.5102 0.641141 6.12668
-1.5102 0.897598 5.61963
-1.5102 1.15405 5.16985
-1.5102 1.41051 4.89309
-1.5102 1.66697 4.86059
-1.5102 1.92342 5.0807
-1.5102 2.17988 5.49678
-1.5102 2.43634 6.00175
-1.5102 2.69279 6.46564
-1.5102 2.94925 6.76907
-1.5102 3.20571 6.83394
-1.5102 3.46216 6.64356
-1.5102 3.71862 6.24693
-1.5102 3.97508 5.74613
-1.5102 4.23153 5.27003
-1.5102 4.48799 4.94118
-1.5102 4.74445 4.8442
-1.5102 5.0009 5.00406
-1.5102 5.25736 5.37961
-1.5102 5.51382 5.8742
-1.5102 5.77027 6.36054
-1.5102 6.02673 6.71347
-1.5102 6.28319 6.84215

-1.42857 -6.28319 6.12245
-1.42857 -6.02673 5.99377
-1.42857 -5.77027 5.64084
-1.42857 -5.51382 5.1545
-1.42857 -5.25736 4.65991
-1.42857 -5.0009 4.28436
-1.42857 -4.74445 4.1245
-1.42857 -4.48799 4.22148
-1.42857 -4.23153 4.55033
-1.42857 -3.97508 5.02643
-1.42857 -3.71862 5.52723
-1.42857 -3.46216 5.92386
-1.42857 -3.20571 6.11424
-1.42857 -2.94925 6.04937
-1.42857 -2.69279 5.74594
-1.42857 -2.43634 5.28205
-1.42857 -2.17988 4.77708
-1.42857 -1.92342 4.361
-1.42857 -1.66697 4.14089
-1.42857 -1.41051 4.17339
-1.42857 -1.15405 4.45015
-1.42857 -0.897598 4.89993
-1.42857 -0.641141 5.40698
-1.42857 -0.384685 5.8408
-1.42857 -0.128228 6.08974
-1.42857 0.128228 6.08974
-1.42857 0.384685 5.8408
-1.42857 0.641141 5.40698
-1.42857 0.897598 4.89993
-1.42857 1.15405 4.45015
-1.42857 1.41051 4.17339
-1.42857 1.66697 4.14089
-1.42857 1.92342 4.361
-1.42857 2.17988 4.77708
-1.42857 2.43634 5.28205
-1.42857 2.69279 5.74594
-1.42857 2.94925 6.04937
-1.42857 3.20571 6.11424
-1.42857 3.46216 5.92386
-1.42857 3.71862 5.52723
-1.42857 3.97508 5.02643
-1.42857 4.23153 4.55033
-1.42857 4.48799 4.22148
-1.42857 4.74445 4.1245
-1.42857 5.0009 4.28436
-1.42857 5.25736 4.65991
-1.42857 5.51382 5.1545
-1.42857 5.77027 5.64084
-1.42857 6.02673 5.99377
-1.42857 6.28319 6.12245

-1.34694 -6.28319 5.44273
-1.34694 -6.02673 5.31405
-1.34694 -5.77027 4.96112
-1.34694 -5.51382 4.47478
-1.34694 -5.25736 3.98019
-1.34694 -5.0009 3.60464
-1.34694 -4.74445 3.44479
-1.34694 -4.48799 3.54176
-1.34694 -4.23153 3.87062
-1.34694 -3.97508 4.34671
-1.34694 -3.71862 4.84752
-1.34694 -3.46216 5.24415
-1.34694 -3.20571 5.43452
-1.34694 -2.94925 5.36965
-1.34694 -2.69279 5.06622
-1.34694 -2.43634 4.60233
-1.34694 -2.17988 4.09737
-1.34694 -1.92342 3.68129
-1.34694 -1.66697 3.46117
-1.34694 -1.41051 3.49368
-1.34694 -1.15405 3.77043
-1.34694 -0.897598 4.22021
-1.34694 -0.641141 4.72726
-1.34694 -0.384685 5.16108
-1.34694 -0.128228 5.41003
-1.34694 0.128228 5.41003
-1.34694 0.384685 5.16108
-1.34694 0.641141 4.72726
-1.34694 0.897598 4.22021
-1.34694 1.15405 3.77043
-1.34694 1.41051 3.49368
-1.34694 1.66697 3.46117
-1.34694 1.92342 3.68129
-1.34694 2.17988 4.09737
-1.34694 2.43634 4.60233
-1.34694 2.69279 5.06622
-1.34694 2.94925 5.36965
-1.34694 3.20571 5.43452
-1.34694 3.46216 5.24415
-1.34694 3.71862 4.84752
-1.34694 3.97508 4.34671
-1.34694 4.23153 3.87062
-1.34694 4.48799 3.54176
-1.34694 4.74445 3.44479
-1.34694 5.0009 3.60464
-1.34694 5.25736 3.98019
-1.34694 5.51382 4.47478
-1.34694 5.77027 4.96112
-1.34694 6.02673 5.31405
-1.34694 6.28319 5.44273

-1.26531 -6.28319 4.803
-1.26531 -6.02673 4.67432
-1.26531 -5.77027 4.32139
-1.26531 -5.51382 3.83505
-1.26531 -5.25736 3.34046
-1.26531 -5.0009 2.96491
-1.26531 -4.74445 2.80505
-1.26531 -4.48799 2.90203
-1.26531 -4.23153 3.23088
-1.26531 -3.97508 3.70698
-1.26531 -3.71862 4.20778
-1.26531 -3.46216 4.60441
-1.26531 -3.20571 4.79479
-1.26531 -2.94925 4.72992
-1.26531 -2.69279 4.42649
-1.26531 -2.43634 3.9626
-1.26531 -2.17988 3.45763
-1.26531 -1.92342 3.04155
-1.26531 -1.66697 2.82144
-1.26531 -1.41051 2.85394
-1.26531 -1.15405 3.1307
-1.26531 -0.897598 3.58048
-1.26531 -0.641141 4.08753
-1.26531 -0.384685 4.52135
-1.26531 -0.128228 4.77029
-1.26531 0.128228 4.77029
-1.26531 0.384685 4.52135
-1.26531 0.641141 4.08753
-1.26531 0.897598 3.58048
-1.26531 1.15405 3.1307
-1.26531 1.41051 2.85394
-1.26531 1.66697 2.82144
-1.26531 1.92342 3.04155
-1.26531 2.17988 3.45763
-1.26531 2.43634 3.9626
-1.26531 2.69279 4.42649
-1.26531 2.94925 4.72992
-1.26531 3.20571 4.79479
-1.26531 3.46216 4.60441
-1.26531 3.71862 4.20778
-1.26531 3.97508 3.70698
-1.26531 4.23153 3.23088
-1.26531 4.48799 2.90203
-1.26531 4.74445 2.80505
-1.26531 5.0009 2.96491
-1.26531 5.25736 3.34046
-1.26531 5.51382 3.83505
-1.26531 5.77027 4.32139
-1.26531 6.02673 4.67432
-1.26531 6.28319 4.803

-1.18367 -6.28319 4.20325
-1.18367 -6.02673 4.07457
-1.18367 -5.77027 3.72164
-1.18367 -5.51382 3.2353
-1.18367 -5.25736 2.74071
-1.18367 -5.0009 2.36516
-1.18367 -4.74445 2.2053
-1.18367 -4.48799 2.30228
-1.18367 -4.23153 2.63113
-1.18367 -3.97508 3.10723
-1.18367 -3.71862 3.60803
-1.18367 -3.46216 4.00466
-1.18367 -3.20571 4.19504
-1.18367 -2.94925 4.13017
-1.18367 -2.69279 3.82674
-1.18367 -2.43634 3.36285
-1.18367 -2.17988 2.85788
-1.18367 -1.92342 2.4418
-1.18367 -1.66697 2.22169
-1.18367 -1.41051 2.25419
-1.18367 -1.15405 2.53095
-1.18367 -0.897598 2.98073
-1.18367 -0.641141 3.48778
-1.18367 -0.384685 3.9216
-1.18367 -0.128228 4.17054
-1.18367 0.128228 4.17054
-1.18367 0.384685 3.9216
-1.18367 0.641141 3.48778
-1.18367 0.897598 2.98073
-1.18367 1.15405 2.53095
-1.18367 1.41051 2.25419
-1.18367 1.66697 2.22169
-1.18367 1.92342 2.4418
-1.18367 2.17988 2.85788
-1.18367 2.43634 3.36285
-1.18367 2.69279 3.82674
-1.18367 2.94925 4.13017
-1.18367 3.20571 4.19504
-1.18367 3.46216 4.00466
-1.18367 3.71862 3.60803
-1.18367 3.97508 3.10723
-1.18367 4.23153 2.63113
-1.18367 4.48799 2.30228
-1.18367 4.74445 2.2053
-1.18367 5.0009 2.36516
-1.18367 5.25736 2.74071
-1.18367 5.51382 3.2353
-1.18367 5.77027 3.72164
-1.18367 6.02673 4.07457
-1.18367 6.28319 4.20325

-1.10204 -6.28319 3.64348
-1.10204 -6.02673 3.5148
-1.10204 -5.77027 3.16187
-1.10204 -5.51382 2.67553
-1.10204 -5.25736 2.18094
-1.10204 -5.0009 1.80539
-1.10204 -4.74445 1.64554
-1.10204 -4.48799 1.74251
-1.10204 -4.23153 2.07137
-1.10204 -3.97508 2.54746
-1.10204 -3.71862 3.04827
-1.10204 -3.46216 3.4449
-1.10204 -3.20571 3.63527
-1.10204 -2.94925 3.5704
-1.10204 -2.69279 3.26697
-1.10204 -2.43634 2.80308
-1.10204 -2.17988 2.29812
-1.10204 -1.92342 1.88204
-1.10204 -1.66697 1.66192
-1.10204 -1.41051 1.69443
-1.10204 -1.15405 1.97118
-1.10204 -0.897598 2.42096
-1.10204 -0.641141 2.92801
-1.10204 -0.384685 3.36183
-1.10204 -0.128228 3.61078
-1.10204 0.128228 3.61078
-1.10204 0.384685 3.36183
-1.10204 0.641141 2.92801
-1.10204 0.897598 2.42096
-1.10204 1.15405 1.97118
-1.10204 1.41051 1.69443
-1.10204 1.66697 1.66192
-1.10204 1.92342 1.88204
-1.10204 2.17988 2.29812
-1.10204 2.43634 2.80308
-1.10204 2.69279 3.26697
-1.10204 2.94925 3.5704
-1.10204 3.20571 3.63527
-1.10204 3.46216 3.4449
-1.10204 3.71862 3.04827
-1.10204 3.97508 2.54746
-1.10204 4.23153 2.07137
-1.10204 4.48799 1.74251
-1.10204 4.74445 1.64554
-1.10204 5.0009 1.80539
-1.10204 5.25736 2.18094
-1.10204 5.51382 2.67553
-1.10204 5.77027 3.16187
-1.10204 6.02673 3.5148
-1.10204 6.28319 3.64348

-1.02041 -6.28319 3.1237
-1.02041 -6.02673 2.99502
-1.02041 -5.77027 2.64209
-1.02041 -5.51382 2.15575
-1.02041 -5.25736 1.66116
-1.02041 -5.0009 1.28561
-1.02041 -4.74445 1.12575
-1.02041 -4.48799 1.22273
-1.02041 -4.23153 1.55158
-1.02041 -3.97508 2.02768
-1.02041 -3.71862 2.52848
-1.02041 -3.46216 2.92511
-1.02041 -3.20571 3.11549
-1.02041 -2.94925 3.05062
-1.02041 -2.69279 2.74719
-1.02041 -2.43634 2.2833
-1.02041 -2.17988 1.77833
-1.02041 -1.92342 1.36225
-1.02041 -1.66697 1.14214
-1.02041 -1.41051 1.17464
-1.02041 -1.15405 1.4514
-1.02041 -0.897598 1.90118
-1.02041 -0.641141 2.40823
-1.02041 -0.384685 2.84205
-1.02041 -0.128228 3.09099
-1.02041 0.128228 3.09099
-1.02041 0.384685 2.84205
-1.02041 0.641141 2.40823
-1.02041 0.897598 1.90118
-1.02041 1.15405 1.4514
-1.02041 1.41051 1.17464
-1.02041 1.66697 1.14214
-1.02041 1.92342 1.36225
-1.02041 2.17988 1.77833
-1.02041 2.43634 2.2833
-1.02041 2.69279 2.74719
-1.02041 2.94925 3.05062
-1.02041 3.20571 3.11549
-1.02041 3.46216 2.92511
-1.02041 3.71862 2.52848
-1.02041 3.97508 2.02768
-1.02041 4.23153 1.55158
-1.02041 4.48799 1.22273
-1.02041 4.74445 1.12575
-1.02041 5.0009 1.28561
-1.02041 5.25736 1.66116
-1.02041 5.51382 2.15575
-1.02041 5.77027 2.64209
-1.02041 6.02673 2.99502
-1.02041 6.28319 3.1237

-0.938776 -6.28319 2.6439
-0.938776 -6.02673 2.51522
-0.938776 -5.77027 2.16229
-0.938776 -5.51382 1.67595
-0.938776 -5.25736 1.18136
-0.938776 -5.0009 0.80581
-0.938776 -4.74445 0.645953
-0.938776 -4.48799 0.74293
-0.938776 -4.23153 1.07178
-0.938776 -3.97508 1.54788
-0.938776 -3.71862 2.04868
-0.938776 -3.46216 2.44531
-0.938776 -3.20571 2.63569
-0.938776 -2.94925 2.57082
-0.938776 -2.69279 2.26739
-0.938776 -2.43634 1.8035
-0.938776 -2.17988 1.29853
-0.938776 -1.92342 0.882452
-0.938776 -1.66697 0.662339
-0.938776 -1.41051 0.694843
-0.938776 -1.15405 0.971597
-0.938776 -0.897598 1.42138
-0.938776 -0.641141 1.92843
-0.938776 -0.384685 2.36225
-0.938776 -0.128228 2.61119
-0.938776 0.128228 2.61119
-0.938776 0.384685 2.36225
-0.938776 0.641141 1.92843
-0.938776 0.897598 1.42138
-0.938776 1.15405 0.971597
-0.938776 1.41051 0.694843
-0.938776 1.66697 0.662339
-0.938776 1.92342 0.882452
-0.938776 2.17988 1.29853
-0.938776 2.43634 1.8035
-0.938776 2.69279 2.26739
-0.938776 2.94925 2.57082
-0.938776 3.20571 2.63569
-0.938776 3.46216 2.44531
-0.938776 3.71862 2.04868
-0.938776 3.97508 1.54788
-0.938776 4.23153 1.07178
-0.938776 4.48799 0.74293
-0.938776 4.74445 0.645953
-0.938776 5.0009 0.80581
-0.938776 5.25736 1.18136
-0.938776 5.51382 1.67595
-0.938776 5.77027 2.16229
-0.938776 6.02673 2.51522
-0.938776 6.28319 2.6439

-0.857143 -6.28319 2.20408
-0.857143 -6.02673 2.0754
-0.857143 -5.77027 1.72247
-0.857143 -5.51382 1.23613
-0.857143 -5.25736 0.741543
-0.857143 -5.0009 0.365994
-0.857143 -4.74445 0.206136
-0.857143 -4.48799 0.303113
-0.857143 -4.23153 0.631965
-0.857143 -3.97508 1.10806
-0.857143 -3.71862 1.60886
-0.857143 -3.46216 2.0055
-0.857143 -3.20571 2.19587
-0.857143 -2.94925 2.131
-0.857143 -2.69279 1.82757
-0.857143 -2.43634 1.36368
-0.857143 -2.17988 0.858717
-0.857143 -1.92342 0.442636
-0.857143 -1.66697 0.222522
-0.857143 -1.41051 0.255026
-0.857143 -1.15405 0.531781
-0.857143 -0.897598 0.981561
-0.857143 -0.641141 1.48861
-0.857143 -0.384685 1.92243
-0.857143 -0.128228 2.17138
-0.857143 0.128228 2.17138
-0.857143 0.384685 1.92243
-0.857143 0.641141 1.48861
-0.857143 0.897598 0.981561
-0.857143 1.15405 0.531781
-0.857143 1.41051 0.255026
-0.857143 1.66697 0.222522
-0.857143 1.92342 0.442636
-0.857143 2.17988 0.858717
-0.857143 2.43634 1.36368
-0.857143 2.69279 1.82757
-0.857143 2.94925 2.131
-0.857143 3.20571 2.19587
-0.857143 3.46216 2.0055
-0.857143 3.71862 1.60886
-0.857143 3.97508 1.10806
-0.857143 4.23153 0.631965
-0.857143 4.48799 0.303113
-0.857143 4.74445 0.206136
-0.857143 5.0009 0.365994
-0.857143 5.25736 0.741543
-0.857143 5.51382 1.23613
-0.857143 5.77027 1.72247
-0.857143 6.02673 2.0754
-0.857143 6.28319 2.20408

-0.77551 -6.28319 1.80425
-0.77551 -6.02673 1.67557
-0.77551 -5.77027 1.32264
-0.77551 -5.51382 0.8363
-0.77551 -5.25736 0.34171
-0.77551 -5.0009 -0.0338399
-0.77551 -4.74445 -0.193697
-0.77551 -4.48799 -0.0967206
-0.77551 -4.23153 0.232132
-0.77551 -3.97508 0.708225
-0.77551 -3.71862 1.20903
-0.77551 -3.46216 1.60566
-0.77551 -3.20571 1.79604
-0.77551 -2.94925 1.73116
-0.77551 -2.69279 1.42774
-0.77551 -2.43634 0.963848
-0.77551 -2.17988 0.458883
-0.77551 -1.92342 0.0428023
-0.77551 -1.66697 -0.177311
-0.77551 -1.41051 -0.144808
-0.77551 -1.15405 0.131947
-0.77551 -0.897598 0.581727
-0.77551 -0.641141 1.08878
-0.77551 -0.384685 1.5226
-0.77551 -0.128228 1.77154
-0.77551 0.128228 1.77154
-0.77551 0.384685 1.5226
-0.77551 0.641141 1.08878
-0.77551 0.897598 0.581727
-0.77551 1.15405 0.131947
-0.77551 1.41051 -0.144808
-0.77551 1.66697 -0.177311
-0.77551 1.92342 0.0428023
-0.77551 2.17988 0.458883
-0.77551 2.43634 0.963848
-0.77551 2.69279 1.42774
-0.77551 2.94925 1.73116
-0.77551 3.20571 1.79604
-0.77551 3.46216 1.60566
-0.77551 3.71862 1.20903
-0.77551 3.97508 0.708225
-0.77551 4.23153 0.232132
-0.77551 4.48799 -0.0967206
-0.77551 4.74445 -0.193697
-0.77551 5.0009 -0.0338399
-0.77551 5.25736 0.34171
-0.77551 5.51382 0.8363
-0.77551 5.77027 1.32264
-0.77551 6.02673 1.67557
-0.77551 6.28319 1.80425

-0.693878 -6.28319 1.4444
-0.693878 -6.02673 1.31572
-0.693878 -5.77027 0.962791
-0.693878 -5.51382 0.47645
-0.693878 -5.25736 -0.0181401
-0.693878 -5.0009 -0.39369
-0.693878 -4.74445 -0.553547
-0.693878 -4.48799 -0.456571
-0.693878 -4.23153 -0.127718
-0.693878 -3.97508 0.348375
-0.693878 -3.71862 0.849182
-0.693878 -3.46216 1.24581
-0.693878 -3.20571 1.43619
-0.693878 -2.94925 1.37131
-0.693878 -2.69279 1.06789
-0.693878 -2.43634 0.603998
-0.693878 -2.17988 0.0990331
-0.693878 -1.92342 -0.317048
-0.693878 -1.66697 -0.537161
-0.693878 -1.41051 -0.504658
-0.693878 -1.15405 -0.227903
-0.693878 -0.897598 0.221877
-0.693878 -0.641141 0.728926
-0.693878 -0.384685 1.16275
-0.693878 -0.128228 1.41169
-0.693878 0.128228 1.41169
-0.693878 0.384685 1.16275
-0.693878 0.641141 0.728926
-0.693878 0.897598 0.221877
-0.693878 1.15405 -0.227903
-0.693878 1.41051 -0.504658
-0.693878 1.66697 -0.537161
-0.693878 1.92342 -0.317048
-0.693878 2.17988 0.0990331
-0.693878 2.43634 0.603998
-0.693878 2.69279 1.06789
-0.693878 2.94925 1.37131
-0.693878 3.20571 1.43619
-0.693878 3.46216 1.24581
-0.693878 3.71862 0.849182
-0.693878 3.97508 0.348375
-0.693878 4.23153 -0.127718
-0.693878 4.48799 -0.456571
-0.693878 4.74445 -0.553547
-0.693878 5.0009 -0.39369
-0.693878 5.25736 -0.0181401
-0.693878 5.51382 0.47645
-0.693878 5.77027 0.962791
-0.693878 6.02673 1.31572
-0.693878 6.28319 1.4444

-0.612245 -6.28319 1.12453
-0.612245 -6.02673 0.99585
-0.612245 -5.77027 0.642924
-0.612245 -5.51382 0.156583
-0.612245 -5.25736 -0.338007
-0.612245 -5.0009 -0.713557
-0.612245 -4.74445 -0.873414
-0.612245 -4.48799 -0.776437
-0.612245 -4.23153 -0.447585
-0.612245 -3.97508 0.0285084
-0.612245 -3.71862 0.529315
-0.612245 -3.46216 0.925945
-0.612245 -3.20571 1.11632
-0.612245 -2.94925 1.05145
-0.612245 -2.69279 0.748021
-0.612245 -2.43634 0.284131
-0.612245 -2.17988 -0.220834
-0.612245 -1.92342 -0.636915
-0.612245 -1.66697 -0.857028
-0.612245 -1.41051 -0.824524
-0.612245 -1.15405 -0.547769
-0.612245 -0.897598 -0.0979895
-0.612245 -0.641141 0.409059
-0.612245 -0.384685 0.842881
-0.612245 -0.128228 1.09183
-0.612245 0.128228 1.09183
-0.612245 0.384685 0.842881
-0.612245 0.641141 0.409059
-0.612245 0.897598 -0.0979895
-0.612245 1.15405 -0.547769
-0.612245 1.41051 -0.824524
-0.612245 1.66697 -0.857028
-0.612245 1.92342 -0.636915
-0.612245 2.17988 -0.220834
-0.612245 2.43634 0.284131
-0.612245 2.69279 0.748021
-0.612245 2.94925 1.05145
-0.612245 3.20571 1.11632
-0.612245 3.46216 0.925945
-0.612245 3.71862 0.529315
-0.612245 3.97508 0.0285084
-0.612245 4.23153 -0.447585
-0.612245 4.48799 -0.776437
-0.612245 4.74445 -0.873414
-0.612245 5.0009 -0.713557
-0.612245 5.25736 -0.338007
-0.612245 5.51382 0.156583
-0.612245 5.77027 0.642924
-0.612245 6.02673 0.99585
-0.612245 6.28319 1.12453

-0.530612 -6.28319 0.844648
-0.530612 -6.02673 0.715967
-0.530612 -5.77027 0.363041
-0.530612 -5.51382 -0.1233
-0.530612 -5.25736 -0.61789
-0.530612 -5.0009 -0.99344
-0.530612 -4.74445 -1.1533
-0.530612 -4.48799 -1.05632
-0.530612 -4.23153 -0.727469
-0.530612 -3.97508 -0.251375
-0.530612 -3.71862 0.249431
-0.530612 -3.46216 0.646062
-0.530612 -3.20571 0.836438
-0.530612 -2.94925 0.771565
-0.530612 -2.69279 0.468138
-0.530612 -2.43634 0.00424796
-0.530612 -2.17988 -0.500717
-0.530612 -1.92342 -0.916798
-0.530612 -1.66697 -1.13691
-0.530612 -1.41051 -1.10441
-0.530612 -1.15405 -0.827653
-0.530612 -0.897598 -0.377873
-0.530612 -0.641141 0.129176
-0.530612 -0.384685 0.562997
-0.530612 -0.128228 0.811943
-0.530612 0.128228 0.811943
-0.530612 0.384685 0.562997
-0.530612 0.641141 0.129176
-0.530612 0.897598 -0.377873
-0.530612 1.15405 -0.827653
-0.530612 1.41051 -1.10441
-0.530612 1.66697 -1.13691
-0.530612 1.92342 -0.916798
-0.530612 2.17988 -0.500717
-0.530612 2.43634 0.00424796
-0.530612 2.69279 0.468138
-0.530612 2.94925 0.771565
-0.530612 3.20571 0.836438
-0.530612 3.46216 0.646062
-0.530612 3.71862 0.249431
-0.530612 3.97508 -0.251375
-0.530612 4.23153 -0.727469
-0.530612 4.48799 -1.05632
-0.530612 4.74445 -1.1533
-0.530612 5.0009 -0.99344
-0.530612 5.25736 -0.61789
-0.530612 5.51382 -0.1233
-0.530612 5.77027 0.363041
-0.530612 6.02673 0.715967
-0.530612 6.28319 0.844648

-0.44898 -6.28319 0.604748
-0.44898 -6.02673 0.476067
-0.44898 -5.77027 0.123141
-0.44898 -5.51382 -0.3632
-0.44898 -5.25736 -0.85779
-0.44898 -5.0009 -1.23334
-0.44898 -4.74445 -1.3932
-0.44898 -4.48799 -1.29622
-0.44898 -4.23153 -0.967369
-0.44898 -3.97508 -0.491275
-0.44898 -3.71862 0.00953136
-0.44898 -3.46216 0.406162
-0.44898 -3.20571 0.596538
-0.44898 -2.94925 0.531665
-0.44898 -2.69279 0.228238
-0.44898 -2.43634 -0.235652
-0.44898 -2.17988 -0.740617
-0.44898 -1.92342 -1.1567
-0.44898 -1.66697 -1.37681
-0.44898 -1.41051 -1.34431
-0.44898 -1.15405 -1.06755
-0.44898 -0.897598 -0.617773
-0.44898 -0.641141 -0.110724
-0.44898 -0.384685 0.323097
-0.44898 -0.128228 0.572043
-0.44898 0.128228 0.572043
-0.44898 0.384685 0.323097
-0.44898 0.641141 -0.110724
-0.44898 0.897598 -0.617773
-0.44898 1.15405 -1.06755
-0.44898 1.41051 -1.34431
-0.44898 1.66697 -1.37681
-0.44898 1.92342 -1.1567
-0.44898 2.17988 -0.740617
-0.44898 2.43634 -0.235652
-0.44898 2.69279 0.228238
-0.44898 2.94925 0.531665
-0.44898 3.20571 0.596538
-0.44898 3.46216 0.406162
-0.44898 3.71862 0.00953136
-0.44898 3.97508 -0.491275
-0.44898 4.23153 -0.967369
-0.44898 4.48799 -1.29622
-0.44898 4.74445 -1.3932
-0.44898 5.0009 -1.23334
-0.44898 5.25736 -0.85779
-0.44898 5.51382 -0.3632
-0.44898 5.77027 0.123141
-0.44898 6.02673 0.476067
-0.44898 6.28319 0.604748

-0.367347 -6.28319 0.404831
-0.367347 -6.02673 0.27615
-0.367347 -5.77027 -0.0767761
-0.367347 -5.51382 -0.563117
-0.367347 -5.25736 -1.05771
-0.367347 -5.0009 -1.43326
-0.367347 -4.74445 -1.59311
-0.367347 -4.48799 -1.49614
-0.367347 -4.23153 -1.16729
-0.367347 -3.97508 -0.691192
-0.367347 -3.71862 -0.190385
-0.367347 -3.46216 0.206245
-0.367347 -3.20571 0.396621
-0.367347 -2.94925 0.331748
-0.367347 -2.69279 0.0283211
-0.367347 -2.43634 -0.435569
-0.367347 -2.17988 -0.940534
-0.367347 -1.92342 -1.35661
-0.367347 -1.66697 -1.57673
-0.367347 -1.41051 -1.54422
-0.367347 -1.15405 -1.26747
-0.367347 -0.897598 -0.81769
-0.367347 -0.641141 -0.310641
-0.367347 -0.384685 0.123181
-0.367347 -0.128228 0.372126
-0.367347 0.128228 0.372126
-0.367347 0.384685 0.123181
-0.367347 0.641141 -0.310641
-0.367347 0.897598 -0.81769
-0.367347 1.15405 -1.26747
-0.367347 1.41051 -1.54422
-0.367347 1.66697 -1.57673
-0.367347 1.92342 -1.35661
-0.367347 2.17988 -0.940534
-0.367347 2.43634 -0.435569
-0.367347 2.69279 0.0283211
-0.367347 2.94925 0.331748
-0.367347 3.20571 0.396621
-0.367347 3.46216 0.206245
-0.367347 3.71862 -0.190385
-0.367347 3.97508 -0.691192
-0.367347 4.23153 -1.16729
-0.367347 4.48799 -1.49614
-0.367347 4.74445 -1.59311
-0.367347 5.0009 -1.43326
-0.367347 5.25736 -1.05771
-0.367347 5.51382 -0.563117
-0.367347 5.77027 -0.0767761
-0.367347 6.02673 0.27615
-0.367347 6.28319 0.404831

-0.285714 -6.28319 0.244898
-0.285714 -6.02673 0.116217
-0.285714 -5.77027 -0.236709
-0.285714 -5.51382 -0.72305
-0.285714 -5.25736 -1.21764
-0.285714 -5.0009 -1.59319
-0.285714 -4.74445 -1.75305
-0.285714 -4.48799 -1.65607
-0.285714 -4.23153 -1.32722
-0.285714 -3.97508 -0.851125
-0.285714 -3.71862 -0.350319
-0.285714 -3.46216 0.0463116
-0.285714 -3.20571 0.236688
-0.285714 -2.94925 0.171815
-0.285714 -2.69279 -0.131612
-0.285714 -2.43634 -0.595502
-0.285714 -2.17988 -1.10047
-0.285714 -1.92342 -1.51655
-0.285714 -1.66697 -1.73666
-0.285714 -1.41051 -1.70416
-0.285714 -1.15405 -1.4274
-0.285714 -0.897598 -0.977623
-0.285714 -0.641141 -0.470574
-0.285714 -0.384685 -0.0367527
-0.285714 -0.128228 0.212193
-0.285714 0.128228 0.212193
-0.285714 0.384685 -0.0367527
-0.285714 0.641141 -0.470574
-0.285714 0.897598 -0.977623
-0.285714 1.15405 -1.4274
-0.285714 1.41051 -1.70416
-0.285714 1.66697 -1.73666
-0.285714 1.92342 -1.51655
-0.285714 2.17988 -1.10047
-0.285714 2.43634 -0.595502
-0.285714 2.69279 -0.131612
-0.285714 2.94925 0.171815
-0.285714 3.20571 0.236688
-0.285714 3.46216 0.0463116
-0.285714 3.71862 -0.350319
-0.285714 3.97508 -0.851125
-0.285714 4.23153 -1.32722
-0.285714 4.48799 -1.65607
-0.285714 4.74445 -1.75305
-0.285714 5.0009 -1.59319
-0.285714 5.25736 -1.21764
-0.285714 5.51382 -0.72305
-0.285714 5.77027 -0.236709
-0.285714 6.02673 0.116217
-0.285714 6.28319 0.244898

-0.204082 -6.28319 0.124948
-0.204082 -6.02673 -0.00373336
-0.204082 -5.77027 -0.356659
-0.204082 -5.51382 -0.843
-0.204082 -5.25736 -1.33759
-0.204082 -5.0009 -1.71314
-0.204082 -4.74445 -1.873
-0.204082 -4.48799 -1.77602
-0.204082 -4.23153 -1.44717
-0.204082 -3.97508 -0.971075
-0.204082 -3.71862 -0.470269
-0.204082 -3.46216 -0.0736384
-0.204082 -3.20571 0.116738
-0.204082 -2.94925 0.0518647
-0.204082 -2.69279 -0.251562
-0.204082 -2.43634 -0.715452
-0.204082 -2.17988 -1.22042
-0.204082 -1.92342 -1.6365
-0.204082 -1.66697 -1.85661
-0.204082 -1.41051 -1.82411
-0.204082 -1.15405 -1.54735
-0.204082 -0.897598 -1.09757
-0.204082 -0.641141 -0.590524
-0.204082 -0.384685 -0.156703
-0.204082 -0.128228 0.0922428
-0.204082 0.128228 0.0922428
-0.204082 0.384685 -0.156703
-0.204082 0.641141 -0.590524
-0.204082 0.897598 -1.09757
-0.204082 1.15405 -1.54735
-0.204082 1.41051 -1.82411
-0.204082 1.66697 -1.85661
-0.204082 1.92342 -1.6365
-0.204082 2.17988 -1.22042
-0.204082 2.43634 -0.715452
-0.204082 2.69279 -0.251562
-0.204082 2.94925 0.0518647
-0.204082 3.20571 0.116738
-0.204082 3.46216 -0.0736384
-0.204082 3.71862 -0.470269
-0.204082 3.97508 -0.971075
-0.204082 4.23153 -1.44717
-0.204082 4.48799 -1.77602
-0.204082 4.74445 -1.873
-0.204082 5.0009 -1.71314
-0.204082 5.25736 -1.33759
-0.204082 5.51382 -0.843
-0.204082 5.77027 -0.356659
-0.204082 6.02673 -0.00373336
-0.204082 6.28319 0.124948

-0.122449 -6.28319 0.0449813
-0.122449 -6.02673 -0.0837
-0.122449 -5.77027 -0.436626
-0.122449 -5.51382 -0.922967
-0.122449 -5.25736 -1.41756
-0.122449 -5.0009 -1.79311
-0.122449 -4.74445 -1.95296
-0.122449 -4.48799 -1.85599
-0.122449 -4.23153 -1.52714
-0.122449 -3.97508 -1.05104
-0.122449 -3.71862 -0.550235
-0.122449 -3.46216 -0.153605
-0.122449 -3.20571 0.0367713
-0.122449 -2.94925 -0.028102
-0.122449 -2.69279 -0.331529
-0.122449 -2.43634 -0.795419
-0.122449 -2.17988 -1.30038
-0.122449 -1.92342 -1.71646
-0.122449 -1.66697 -1.93658
-0.122449 -1.41051 -1.90407
-0.122449 -1.15405 -1.62732
-0.122449 -0.897598 -1.17754
-0.122449 -0.641141 -0.670491
-0.122449 -0.384685 -0.236669
-0.122449 -0.128228 0.0122761
-0.122449 0.128228 0.0122761
-0.122449 0.384685 -0.236669
-0.122449 0.641141 -0.670491
-0.122449 0.897598 -1.17754
-0.122449 1.15405 -1.62732
-0.122449 1.41051 -1.90407
-0.122449 1.66697 -1.93658
-0.122449 1.92342 -1.71646
-0.122449 2.17988 -1.30038
-0.122449 2.43634 -0.795419
-0.122449 2.69279 -0.331529
-0.122449 2.94925 -0.028102
-0.122449 3.20571 0.0367713
-0.122449 3.46216 -0.153605
-0.122449 3.71862 -0.550235
-0.122449 3.97508 -1.05104
-0.122449 4.23153 -1.52714
-0.122449 4.48799 -1.85599
-0.122449 4.74445 -1.95296
-0.122449 5.0009 -1.79311
-0.122449 5.25736 -1.41756
-0.122449 5.51382 -0.922967
-0.122449 5.77027 -0.436626
-0.122449 6.02673 -0.0837
-0.122449 6.28319 0.0449813

-0.0408163 -6.28319 0.00499792
-0.0408163 -6.02673 -0.123683
-0.0408163 -5.77027 -0.47661
-0.0408163 -5.51382 -0.962951
-0.0408163 -5.25736 -1.45754
-0.0408163 -5.0009 -1.83309
-0.0408163 -4.74445 -1.99295
-0.0408163 -4.48799 -1.89597
-0.0408163 -4.23153 -1.56712
-0.0408163 -3.97508 -1.09103
-0.0408163 -3.71862 -0.590219
-0.0408163 -3.46216 -0.193588
-0.0408163 -3.20571 -0.00321207
-0.0408163 -2.94925 -0.0680853
-0.0408163 -2.69279 -0.371512
-0.0408163 -2.43634 -0.835402
-0.0408163 -2.17988 -1.34037
-0.0408163 -1.92342 -1.75645
-0.0408163 -1.66697 -1.97656
-0.0408163 -1.41051 -1.94406
-0.0408163 -1.15405 -1.6673
-0.0408163 -0.897598 -1.21752
-0.0408163 -0.641141 -0.710474
-0.0408163 -0.384685 -0.276653
-0.0408163 -0.128228 -0.0277072
-0.0408163 0.128228 -0.0277072
-0.0408163 0.384685 -0.276653
-0.0408163 0.641141 -0.710474
-0.0408163 0.897598 -1.21752
-0.0408163 1.15405 -1.6673
-0.0408163 1.41051 -1.94406
-0.0408163 1.66697 -1.97656
-0.0408163 1.92342 -1.75645
-0.0408163 2.17988 -1.34037
-0.0408163 2.43634 -0.835402
-0.0408163 2.69279 -0.371512
-0.0408163 2.94925 -0.0680853
-0.0408163 3.20571 -0.00321207
-0.0408163 3.46216 -0.193588
-0.0408163 3.71862 -0.590219
-0.0408163 3.97508 -1.09103
-0.0408163 4.23153 -1.56712
-0.0408163 4.48799 -1.89597
-0.0408163 4.74445 -1.99295
-0.0408163 5.0009 -1.83309
-0.0408163 5.25736 -1.45754
-0.0408163 5.51382 -0.962951
-0.0408163 5.77027 -0.47661
-0.0408163 6.02673 -0.123683
-0.0408163 6.28319 0.00499792

0.0408163 -6.28319 0.00499792
0.0408163 -6.02673 -0.123683
0.0408163 -5.77027 -0.47661
0.0408163 -5.51382 -0.962951
0.0408163 -5.25736 -1.45754
0.0408163 -5.0009 -1.83309
0.0408163 -4.74445 -1.99295
0.0408163 -4.48799 -1.89597
0.0408163 -4.23153 -1.56712
0.0408163 -3.97508 -1.09103
0.0408163 -3.71862 -0.590219
0.0408163 -3.46216 -0.193588
0.0408163 -3.20571 -0.00321207
0.0408163 -2.94925 -0.0680853
0.0408163 -2.69279 -0.371512
0.0408163 -2.43634 -0.835402
0.0408163 -2.17988 -1.34037
0.0408163 -1.92342 -1.75645
0.0408163 -1.66697 -1.97656
0.0408163 -1.41051 -1.94406
0.0408163 -1.15405 -1.6673
0.0408163 -0.897598 -1.21752
0.0408163 -0.641141 -0.710474
0.0408163 -0.384685 -0.276653
0.0408163 -0.128228 -0.0277072
0.0408163 0.128228 -0.0277072
0.0408163 0.384685 -0.276653
0.0408163 0.641141 -0.710474
0.0408163 0.897598 -1.21752
0.0408163 1.15405 -1.6673
0.0408163 1.41051 -1.94406
0.0408163 1.66697 -1.97656
0.0408163 1.92342 -1.75645
0.0408163 2.17988 -1.34037
0.0408163 2.43634 -0.835402
0.0408163 2.69279 -0.371512
0.0408163 2.94925 -0.0680853
0.0408163 3.20571 -0.00321207
0.0408163 3.46216 -0.193588
0.0408163 3.71862 -0.590219
0.0408163 3.97508 -1.09103
0.0408163 4.23153 -1.56712
0.0408163 4.48799 -1.89597
0.0408163 4.74445 -1.99295
0.0408163 5.0009 -1.83309
0.0408163 5.25736 -1.45754
0.0408163 5.51382 -0.962951
0.0408163 5.77027 -0.47661
0.0408163 6.02673 -0.123683
0.0408163 6.28319 0.00499792

0.122449 -6.28319 0.0449813
0.122449 -6.02673 -0.0837
0.122449 -5.77027 -0.436626
0.122449 -5.51382 -0.922967
0.122449 -5.25736 -1.41756
0.122449 -5.0009 -1.79311
0.122449 -4.74445 -1.95296
0.122449 -4.48799 -1.85599
0.122449 -4.23153 -1.52714
0.122449 -3.97508 -1.05104
0.122449 -3.71862 -0.550235
0.122449 -3.46216 -0.153605
0.122449 -3.20571 0.0367713
0.122449 -2.94925 -0.028102
0.122449 -2.69279 -0.331529
0.122449 -2.43634 -0.795419
0.122449 -2.17988 -1.30038
0.122449 -1.92342 -1.71646
0.122449 -1.66697 -1.93658
0.122449 -1.41051 -1.90407
0.122449 -1.15405 -1.62732
0.122449 -0.897598 -1.17754
0.122449 -0.641141 -0.670491
0.122449 -0.384685 -0.236669
0.122449 -0.128228 0.0122761
0.122449 0.128228 0.0122761
0.122449 0.384685 -0.236669
0.122449 0.641141 -0.670491
0.122449 0.897598 -1.17754
0.122449 1.15405 -1.62732
0.122449 1.41051 -1.90407
0.122449 1.66697 -1.93658
0.122449 1.92342 -1.71646
0.122449 2.17988 -1.30038
0.122449 2.43634 -0.795419
0.122449 2.69279 -0.331529
0.122449 2.94925 -0.028102
0.122449 3.20571 0.0367713
0.122449 3.46216 -0.153605
0.122449 3.71862 -0.550235
0.122449 3.97508 -1.05104
0.122449 4.23153 -1.52714
0.122449 4.48799 -1.85599
0.122449 4.74445 -1.95296
0.122449 5.0009 -1.79311
0.122449 5.25736 -1.41756
0.122449 5.51382 -0.922967
0.122449 5.77027 -0.436626
0.122449 6.02673 -0.0837
0.122449 6.28319 0.0449813

0.204082 -6.28319 0.124948
0.204082 -6.02673 -0.00373336
0.204082 -5.77027 -0.356659
0.204082 -5.51382 -0.843
0.204082 -5.25736 -1.33759
0.204082 -5.0009 -1.71314
0.204082 -4.74445 -1.873
0.204082 -4.48799 -1.77602
0.204082 -4.23153 -1.44717
0.204082 -3.97508 -0.971075
0.204082 -3.71862 -0.470269
0.204082 -3.46216 -0.0736384
0.204082 -3.20571 0.116738
0.204082 -2.94925 0.0518647
0.204082 -2.69279 -0.251562
0.204082 -2.43634 -0.715452
0.204082 -2.17988 -1.22042
0.204082 -1.92342 -1.6365
0.204082 -1.66697 -1.85661
0.204082 -1.41051 -1.82411
0.204082 -1.15405 -1.54735
0.204082 -0.897598 -1.09757
0.204082 -0.641141 -0.590524
0.204082 -0.384685 -0.156703
0.204082 -0.128228 0.0922428
0.204082 0.128228 0.0922428
0.204082 0.384685 -0.156703
0.204082 0.641141 -0.590524
0.204082 0.897598 -1.09757
0.204082 1.15405 -1.54735
0.204082 1.41051 -1.82411
0.204082 1.66697 -1.85661
0.204082 1.92342 -1.6365
0.204082 2.17988 -1.22042
0.204082 2.43634 -0.715452
0.204082 2.69279 -0.251562
0.204082 2.94925 0.0518647
0.204082 3.20571 0.116738
0.204082 3.46216 -0.0736384
0.204082 3.71862 -0.470269
0.204082 3.97508 -0.971075
0.204082 4.23153 -1.44717
0.204082 4.48799 -1.77602
0.204082 4.74445 -1.873
0.204082 5.0009 -1.71314
0.204082 5.25736 -1.33759
0.204082 5.51382 -0.843
0.204082 5.77027 -0.356659
0.204082 6.02673 -0.00373336
0.204082 6.28319 0.124948

0.285714 -6.28319 0.244898
0.285714 -6.02673 0.116217
0.285714 -5.77027 -0.236709
0.285714 -5.51382 -0.72305
0.285714 -5.25736 -1.21764
0.285714 -5.0009 -1.59319
0.285714 -4.74445 -1.75305
0.285714 -4.48799 -1.65607
0.285714 -4.23153 -1.32722
0.285714 -3.97508 -0.851125
0.285714 -3.71862 -0.350319
0.285714 -3.46216 0.0463116
0.285714 -3.20571 0.236688
0.285714 -2.94925 0.171815
0.285714 -2.69279 -0.131612
0.285714 -2.43634 -0.595502
0.285714 -2.17988 -1.10047
0.285714 -1.92342 -1.51655
0.285714 -1.66697 -1.73666
0.285714 -1.41051 -1.70416
0.285714 -1.15405 -1.4274
0.285714 -0.897598 -0.977623
0.285714 -0.641141 -0.470574
0.285714 -0.384685 -0.0367527
0.285714 -0.128228 0.212193
0.285714 0.128228 0.212193
0.285714 0.384685 -0.0367527
0.285714 0.641141 -0.470574
0.285714 0.897598 -0.977623
0.285714 1.15405 -1.4274
0.285714 1.41051 -1.70416
0.285714 1.66697 -1.73666
0.285714 1.92342 -1.51655
0.285714 2.17988 -1.10047
0.285714 2.43634 -0.595502
0.285714 2.69279 -0.131612
0.285714 2.94925 0.171815
0.285714 3.20571 0.236688
0.285714 3.46216 0.0463116
0.285714 3.71862 -0.350319
0.285714 3.97508 -0.851125
0.285714 4.23153 -1.32722
0.285714 4.48799 -1.65607
0.285714 4.74445 -1.75305
0.285714 5.0009 -1.59319
0.285714 5.25736 -1.21764
0.285714 5.51382 -0.72305
0.285714 5.77027 -0.236709
0.285714 6.02673 0.116217
0.285714 6.28319 0.244898

0.367347 -6.28319 0.404831
0.367347 -6.02673 0.27615
0.367347 -5.77027 -0.0767761
0.367347 -5.51382 -0.563117
0.367347 -5.25736 -1.05771
0.367347 -5.0009 -1.43326
0.367347 -4.74445 -1.59311
0.367347 -4.48799 -1.49614
0.367347 -4.23153 -1.16729
0.367347 -3.97508 -0.691192
0.367347 -3.71862 -0.190385
0.367347 -3.46216 0.206245
0.367347 -3.20571 0.396621
0.367347 -2.94925 0.331748
0.367347 -2.69279 0.0283211
0.367347 -2.43634 -0.435569
0.367347 -2.17988 -0.940534
0.367347 -1.92342 -1.35661
0.367347 -1.66697 -1.57673
0.367347 -1.41051 -1.54422
0.367347 -1.15405 -1.26747
0.367347 -0.897598 -0.81769
0.367347 -0.641141 -0.310641
0.367347 -0.384685 0.123181
0.367347 -0.128228 0.372126
0.367347 0.128228 0.372126
0.367347 0.384685 0.123181
0.367347 0.641141 -0.310641
0.367347 0.897598 -0.81769
0.367347 1.15405 -1.26747
0.367347 1.41051 -1.54422
0.367347 1.66697 -1.57673
0.367347 1.92342 -1.35661
0.367347 2.17988 -0.940534
0.367347 2.43634 -0.435569
0.367347 2.69279 0.0283211
0.367347 2.94925 0.331748
0.367347 3.20571 0.396621
0.367347 3.46216 0.206245
0.367347 3.71862 -0.190385
0.367347 3.97508 -0.691192
0.367347 4.23153 -1.16729
0.367347 4.48799 -1.49614
0.367347 4.74445 -1.59311
0.367347 5.0009 -1.43326
0.367347 5.25736 -1.05771
0.367347 5.51382 -0.563117
0.367347 5.77027 -0.0767761
0.367347 6.02673 0.27615
0.367347 6.28319 0.404831

0.44898 -6.28319 0.604748
0.44898 -6.02673 0.476067
0.44898 -5.77027 0.123141
0.44898 -5.51382 -0.3632
0.44898 -5.25736 -0.85779
0.44898 -5.0009 -1.23334
0.44898 -4.74445 -1.3932
0.44898 -4.48799 -1.29622
0.44898 -4.23153 -0.967369
0.44898 -3.97508 -0.491275
0.44898 -3.71862 0.00953136
0.44898 -3.46216 0.406162
0.44898 -3.20571 0.596538
0.44898 -2.94925 0.531665
0.44898 -2.69279 0.228238
0.44898 -2.43634 -0.235652
0.44898 -2.17988 -0.740617
0.44898 -1.92342 -1.1567
0.44898 -1.66697 -1.37681
0.44898 -1.41051 -1.34431
0.44898 -1.15405 -1.06755
0.44898 -0.897598 -0.617773
0.44898 -0.641141 -0.110724
0.44898 -0.384685 0.323097
0.44898 -0.128228 0.572043
0.44898 0.128228 0.572043
0.44898 0.384685 0.323097
0.44898 0.641141 -0.110724
0.44898 0.897598 -0.617773
0.44898 1.15405 -1.06755
0.44898 1.41051 -1.34431
0.44898 1.66697 -1.37681
0.44898 1.92342 -1.1567
0.44898 2.17988 -0.740617
0.44898 2.43634 -0.235652
0.44898 2.69279 0.228238
0.44898 2.94925 0.531665
0.44898 3.20571 0.596538
0.44898 3.46216 0.406162
0.44898 3.71862 0.00953136
0.44898 3.97508 -0.491275
0.44898 4.23153 -0.967369
0.44898 4.48799 -1.29622
0.44898 4.74445 -1.3932
0.44898 5.0009 -1.23334
0.44898 5.25736 -0.85779
0.44898 5.51382 -0.3632
0.44898 5.77027 0.123141
0.44898 6.02673 0.476067
0.44898 6.28319 0.604748

0.530612 -6.28319 0.844648
0.530612 -6.02673 0.715967
0.530612 -5.77027 0.363041
0.530612 -5.51382 -0.1233
0.530612 -5.25736 -0.61789
0.530612 -5.0009 -0.99344
0.530612 -4.74445 -1.1533
0.530612 -4.48799 -1.05632
0.530612 -4.23153 -0.727469
0.530612 -3.97508 -0.251375
0.530612 -3.71862 0.249431
0.530612 -3.46216 0.646062
0.530612 -3.20571 0.836438
0.530612 -2.94925 0.771565
0.530612 -2.69279 0.468138
0.530612 -2.43634 0.00424796
0.530612 -2.17988 -0.500717
0.530612 -1.92342 -0.916798
0.530612 -1.66697 -1.13691
0.530612 -1.41051 -1.10441
0.530612 -1.15405 -0.827653
0.530612 -0.897598 -0.377873
0.530612 -0.641141 0.129176
0.530612 -0.384685 0.562997
0.530612 -0.128228 0.811943
0.530612 0.128228 0.811943
0.530612 0.384685 0.562997
0.530612 0.641141 0.129176
0.530612 0.897598 -0.377873
0.530612 1.15405 -0.827653
0.530612 1.41051 -1.10441
0.530612 1.66697 -1.13691
0.530612 1.92342 -0.916798
0.530612 2.17988 -0.500717
0.530612 2.43634 0.00424796
0.530612 2.69279 0.468138
0.530612 2.94925 0.771565
0.530612 3.20571 0.836438
0.530612 3.46216 0.646062
0.530612 3.71862 0.249431
0.530612 3.97508 -0.251375
0.530612 4.23153 -0.727469
0.530612 4.48799 -1.05632
0.530612 4.74445 -1.1533
0.530612 5.0009 -0.99344
0.530612 5.25736 -0.61789
0.530612 5.51382 -0.1233
0.530612 5.77027 0.363041
0.530612 6.02673 0.715967
0.530612 6.28319 0.844648

0.612245 -6.28319 1.12453
0.612245 -6.02673 0.99585
0.612245 -5.77027 0.642924
0.612245 -5.51382 0.156583
0.612245 -5.25736 -0.338007
0.612245 -5.0009 -0.713557
0.612245 -4.74445 -0.873414
0.612245 -4.48799 -0.776437
0.612245 -4.23153 -0.447585
0.612245 -3.97508 0.0285084
0.612245 -3.71862 0.529315
0.612245 -3.46216 0.925945
0.612245 -3.20571 1.11632
0.612245 -2.94925 1.05145
0.612245 -2.69279 0.748021
0.612245 -2.43634 0.284131
0.612245 -2.17988 -0.220834
0.612245 -1.92342 -0.636915
0.612245 -1.66697 -0.857028
0.612245 -1.41051 -0.824524
0.612245 -1.15405 -0.547769
0.612245 -0.897598 -0.0979895
0.612245 -0.641141 0.409059
0.612245 -0.384685 0.842881
0.612245 -0.128228 1.09183
0.612245 0.128228 1.09183
0.612245 0.384685 0.842881
0.612245 0.641141 0.409059
0.612245 0.897598 -0.0979895
0.612245 1.15405 -0.547769
0.612245 1.41051 -0.824524
0.612245 1.66697 -0.857028
0.612245 1.92342 -0.636915
0.612245 2.17988 -0.220834
0.612245 2.43634 0.284131
0.612245 2.69279 0.748021
0.612245 2.94925 1.05145
0.612245 3.20571 1.11632
0.612245 3.46216 0.925945
0.612245 3.71862 0.529315
0.612245 3.97508 0.0285084
0.612245 4.23153 -0.447585
0.612245 4.48799 -0.776437
0.612245 4.74445 -0.873414
0.612245 5.0009 -0.713557
0.612245 5.25736 -0.338007
0.612245 5.51382 0.156583
0.612245 5.77027 0.642924
0.612245 6.02673 0.99585
0.612245 6.28319 1.12453

0.693878 -6.28319 1.4444
0.693878 -6.02673 1.31572
0.693878 -5.77027 0.962791
0.693878 -5.51382 0.47645
0.693878 -5.25736 -0.0181401
0.693878 -5.0009 -0.39369
0.693878 -4.74445 -0.553547
0.693878 -4.48799 -0.456571
0.693878 -4.23153 -0.127718
0.693878 -3.97508 0.348375
0.693878 -3.71862 0.849182
0.693878 -3.46216 1.24581
0.693878 -3.20571 1.43619
0.693878 -2.94925 1.37131
0.693878 -2.69279 1.06789
0.693878 -2.43634 0.603998
0.693878 -2.17988 0.0990331
0.693878 -1.92342 -0.317048
0.693878 -1.66697 -0.537161
0.693878 -1.41051 -0.504658
0.693878 -1.15405 -0.227903
0.693878 -0.897598 0.221877
0.693878 -0.641141 0.728926
0.693878 -0.384685 1.16275
0.693878 -0.128228 1.41169
0.693878 0.128228 1.41169
0.693878 0.384685 1.16275
0.693878 0.641141 0.728926
0.693878 0.897598 0.221877
0.693878 1.15405 -0.227903
0.693878 1.41051 -0.504658
0.693878 1.66697 -0.537161
0.693878 1.92342 -0.317048
0.693878 2.17988 0.0990331
0.693878 2.43634 0.603998
0.693878 2.69279 1.06789
0.693878 2.94925 1.37131
0.693878 3.20571 1.43619
0.693878 3.46216 1.24581
0.693878 3.71862 0.849182
0.693878 3.97508 0.348375
0.693878 4.23153 -0.127718
0.693878 4.48799 -0.456571
0.693878 4.74445 -0.553547
0.693878 5.0009 -0.39369
0.693878 5.25736 -0.0181401
0.693878 5.51382 0.47645
0.693878 5.77027 0.962791
0.693878 6.02673 1.31572
0.693878 6.28319 1.4444

0.77551 -6.28319 1.80425
0.77551 -6.02673 1.67557
0.77551 -5.77027 1.32264
0.77551 -5.51382 0.8363
0.77551 -5.25736 0.34171
0.77551 -5.0009 -0.0338399
0.77551 -4.74445 -0.193697
0.77551 -4.48799 -0.0967206
0.77551 -4.23153 0.232132
0.77551 -3.97508 0.708225
0.77551 -3.71862 1.20903
0.77551 -3.46216 1.60566
0.77551 -3.20571 1.79604
0.77551 -2.94925 1.73116
0.77551 -2.69279 1.42774
0.77551 -2.43634 0.963848
0.77551 -2.17988 0.458883
0.77551 -1.92342 0.0428023
0.77551 -1.66697 -0.177311
0.77551 -1.41051 -0.144808
0.77551 -1.15405 0.131947
0.77551 -0.897598 0.581727
0.77551 -0.641141 1.08878
0.77551 -0.384685 1.5226
0.77551 -0.128228 1.77154
0.77551 0.128228 1.77154
0.77551 0.384685 1.5226
0.77551 0.641141 1.08878
0.77551 0.897598 0.581727
0.77551 1.15405 0.131947
0.77551 1.41051 -0.144808
0.77551 1.66697 -0.177311
0.77551 1.92342 0.0428023
0.77551 2.17988 0.458883
0.77551 2.43634 0.963848
0.77551 2.69279 1.42774
0.77551 2.94925 1.73116
0.77551 3.20571 1.79604
0.77551 3.46216 1.60566
0.77551 3.71862 1.20903
0.77551 3.97508 0.708225
0.77551 4.23153 0.232132
0.77551 4.48799 -0.0967206
0.77551 4.74445 -0.193697
0.77551 5.0009 -0.0338399
0.77551 5.25736 0.34171
0.77551 5.51382 0.8363
0.77551 5.77027 1.32264
0.77551 6.02673 1.67557
0.77551 6.28319 1.80425

0.857143 -6.28319 2.20408
0.857143 -6.02673 2.0754
0.857143 -5.77027 1.72247
0.857143 -5.51382 1.23613
0.857143 -5.25736 0.741543
0.857143 -5.0009 0.365994
0.857143 -4.74445 0.206136
0.857143 -4.48799 0.303113
0.857143 -4.23153 0.631965
0.857143 -3.97508 1.10806
0.857143 -3.71862 1.60886
0.857143 -3.46216 2.0055
0.857143 -3.20571 2.19587
0.857143 -2.94925 2.131
0.857143 -2.69279 1.82757
0.857143 -2.43634 1.36368
0.857143 -2.17988 0.858717
0.857143 -1.92342 0.442636
0.857143 -1.66697 0.222522
0.857143 -1.41051 0.255026
0.857143 -1.15405 0.531781
0.857143 -0.897598 0.981561
0.857143 -0.641141 1.48861
0.857143 -0.384685 1.92243
0.857143 -0.128228 2.17138
0.857143 0.128228 2.17138
0.857143 0.384685 1.92243
0.857143 0.641141 1.48861
0.857143 0.897598 0.981561
0.857143 1.15405 0.531781
0.857143 1.41051 0.255026
0.857143 1.66697 0.222522
0.857143 1.92342 0.442636
0.857143 2.17988 0.858717
0.857143 2.43634 1.36368
0.857143 2.69279 1.82757
0.857143 2.94925 2.131
0.857143 3.20571 2.19587
0.857143 3.46216 2.0055
0.857143 3.71862 1.60886
0.857143 3.97508 1.10806
0.857143 4.23153 0.631965
0.857143 4.48799 0.303113
0.857143 4.74445 0.206136
0.857143 5.0009 0.365994
0.857143 5.25736 0.741543
0.857143 5.51382 1.23613
0.857143 5.77027 1.72247
0.857143 6.02673 2.0754
0.857143 6.28319 2.20408

0.938776 -6.28319 2.6439
0.938776 -6.02673 2.51522
0.938776 -5.77027 2.16229
0.938776 -5.51382 1.67595
0.938776 -5.25736 1.18136
0.938776 -5.0009 0.80581
0.938776 -4.74445 0.645953
0.938776 -4.48799 0.74293
0.938776 -4.23153 1.07178
0.938776 -3.97508 1.54788
0.938776 -3.71862 2.04868
0.938776 -3.46216 2.44531
0.938776 -3.20571 2.63569
0.938776 -2.94925 2.57082
0.938776 -2.69279 2.26739
0.938776 -2.43634 1.8035
0.938776 -2.17988 1.29853
0.938776 -1.92342 0.882452
0.938776 -1.66697 0.662339
0.938776 -1.41051 0.694843
0.938776 -1.15405 0.971597
0.938776 -0.897598 1.42138
0.938776 -0.641141 1.92843
0.938776 -0.384685 2.36225
0.938776 -0.128228 2.61119
0.938776 0.128228 2.61119
0.938776 0.384685 2.36225
0.938776 0.641141 1.92843
0.938776 0.897598 1.42138
0.938776 1.15405 0.971597
0.938776 1.41051 0.694843
0.938776 1.66697 0.662339
0.938776 1.92342 0.882452
0.938776 2.17988 1.29853
0.938776 2.43634 1.8035
0.938776 2.69279 2.26739
0.938776 2.94925 2.57082
0.938776 3.20571 2.63569
0.938776 3.46216 2.44531
0.938776 3.71862 2.04868
0.938776 3.97508 1.54788
0.938776 4.23153 1.07178
0.938776 4.48799 0.74293
0.938776 4.74445 0.645953
0.938776 5.0009 0.80581
0.938776 5.25736 1.18136
0.938776 5.51382 1.67595
0.938776 5.77027 2.16229
0.938776 6.02673 2.51522
0.938776 6.28319 2.6439

1.02041 -6.28319 3.1237
1.02041 -6.02673 2.99502
1.02041 -5.77027 2.64209
1.02041 -5.51382 2.15575
1.02041 -5.25736 1.66116
1.02041 -5.0009 1.28561
1.02041 -4.74445 1.12575
1.02041 -4.48799 1.22273
1.02041 -4.23153 1.55158
1.02041 -3.97508 2.02768
1.02041 -3.71862 2.52848
1.02041 -3.46216 2.92511
1.02041 -3.20571 3.11549
1.02041 -2.94925 3.05062
1.02041 -2.69279 2.74719
1.02041 -2.43634 2.2833
1.02041 -2.17988 1.77833
1.02041 -1.92342 1.36225
1.02041 -1.66697 1.14214
1.02041 -1.41051 1.17464
1.02041 -1.15405 1.4514
1.02041 -0.897598 1.90118
1.02041 -0.641141 2.40823
1.02041 -0.384685 2.84205
1.02041 -0.128228 3.09099
1.02041 0.128228 3.09099
1.02041 0.384685 2.84205
1.02041 0.641141 2.40823
1.02041 0.897598 1.90118
1.02041 1.15405 1.4514
1.02041 1.41051 1.17464
1.02041 1.66697 1.14214
1.02041 1.92342 1.36225
1.02041 2.17988 1.77833
1.02041 2.43634 2.2833
1.02041 2.69279 2.74719
1.02041 2.94925 3.05062
1.02041 3.20571 3.11549
1.02041 3.46216 2.92511
1.02041 3.71862 2.52848
1.02041 3.97508 2.02768
1.02041 4.23153 1.55158
1.02041 4.48799 1.22273
1.02041 4.74445 1.12575
1.02041 5.0009 1.28561
1.02041 5.25736 1.66116
1.02041 5.51382 2.15575
1.02041 5.77027 2.64209
1.02041 6.02673 2.99502
1.02041 6.28319 3.1237

1.10204 -6.28319 3.64348
1.10204 -6.02673 3.5148
1.10204 -5.77027 3.16187
1.10204 -5.51382 2.67553
1.10204 -5.25736 2.18094
1.10204 -5.0009 1.80539
1.10204 -4.74445 1.64554
1.10204 -4.48799 1.74251
1.10204 -4.23153 2.07137
1.10204 -3.97508 2.54746
1.10204 -3.71862 3.04827
1.10204 -3.46216 3.4449
1.10204 -3.20571 3.63527
1.10204 -2.94925 3.5704
1.10204 -2.69279 3.26697
1.10204 -2.43634 2.80308
1.10204 -2.17988 2.29812
1.10204 -1.92342 1.88204
1.10204 -1.66697 1.66192
1.10204 -1.41051 1.69443
1.10204 -1.15405 1.97118
1.10204 -0.897598 2.42096
1.10204 -0.641141 2.92801
1.10204 -0.384685 3.36183
1.10204 -0.128228 3.61078
1.10204 0.128228 3.61078
1.10204 0.384685 3.36183
1.10204 0.641141 2.92801
1.10204 0.897598 2.42096
1.10204 1.15405 1.97118
1.10204 1.41051 1.69443
1.10204 1.66697 1.66192
1.10204 1.92342 1.88204
1.10204 2.17988 2.29812
1.10204 2.43634 2.80308
1.10204 2.69279 3.26697
1.10204 2.94925 3.5704
1.10204 3.20571 3.63527
1.10204 3.46216 3.4449
1.10204 3.71862 3.04827
1.10204 3.97508 2.54746
1.10204 4.23153 2.07137
1.10204 4.48799 1.74251
1.10204 4.74445 1.64554
1.10204 5.0009 1.80539
1.10204 5.25736 2.18094
1.10204 5.51382 2.67553
1.10204 5.77027 3.16187
1.10204 6.02673 3.5148
1.10204 6.28319 3.64348

1.18367 -6.28319 4.20325
1.18367 -6.02673 4.07457
1.18367 -5.77027 3.72164
1.18367 -5.51382 3.2353
1.18367 -5.25736 2.74071
1.18367 -5.0009 2.36516
1.18367 -4.74445 2.2053
1.18367 -4.48799 2.30228
1.18367 -4.23153 2.63113
1.18367 -3.97508 3.10723
1.18367 -3.71862 3.60803
1.18367 -3.46216 4.00466
1.18367 -3.20571 4.19504
1.18367 -2.94925 4.13017
1.18367 -2.69279 3.82674
1.18367 -2.43634 3.36285
1.18367 -2.17988 2.85788
1.18367 -1.92342 2.4418
1.18367 -1.66697 2.22169
1.18367 -1.41051 2.25419
1.18367 -1.15405 2.53095
1.18367 -0.897598 2.98073
1.18367 -0.641141 3.48778
1.18367 -0.384685 3.9216
1.18367 -0.128228 4.17054
1.18367 0.128228 4.17054
1.18367 0.384685 3.9216
1.18367 0.641141 3.48778
1.18367 0.897598 2.98073
1.18367 1.15405 2.53095
1.18367 1.41051 2.25419
1.18367 1.66697 2.22169
1.18367 1.92342 2.4418
1.18367 2.17988 2.85788
1.18367 2.43634 3.36285
1.18367 2.69279 3.82674
1.18367 2.94925 4.13017
1.18367 3.20571 4.19504
1.18367 3.46216 4.00466
1.18367 3.71862 3.60803
1.18367 3.97508 3.10723
1.18367 4.23153 2.63113
1.18367 4.48799 2.30228
1.18367 4.74445 2.2053
1.18367 5.0009 2.36516
1.18367 5.25736 2.74071
1.18367 5.51382 3.2353
1.18367 5.77027 3.72164
1.18367 6.02673 4.07457
1.18367 6.28319 4.20325

1.26531 -6.28319 4.803
1.26531 -6.02673 4.67432
1.26531 -5.77027 4.32139
1.26531 -5.51382 3.83505
1.26531 -5.25736 3.34046
1.26531 -5.0009 2.96491
1.26531 -4.74445 2.80505
1.26531 -4.48799 2.90203
1.26531 -4.23153 3.23088
1.26531 -3.97508 3.70698
1.26531 -3.71862 4.20778
1.26531 -3.46216 4.60441
1.26531 -3.20571 4.79479
1.26531 -2.94925 4.72992
1.26531 -2.69279 4.42649
1.26531 -2.43634 3.9626
1.26531 -2.17988 3.45763
1.26531 -1.92342 3.04155
1.26531 -1.66697 2.82144
1.26531 -1.41051 2.85394
1.26531 -1.15405 3.1307
1.26531 -0.897598 3.58048
1.26531 -0.641141 4.08753
1.26531 -0.384685 4.52135
1.26531 -0.128228 4.77029
1.26531 0.128228 4.77029
1.26531 0.384685 4.52135
1.26531 0.641141 4.08753
1.26531 0.897598 3.58048
1.26531 1.15405 3.1307
1.26531 1.41051 2.85394
1.26531 1.66697 2.82144
1.26531 1.92342 3.04155
1.26531 2.17988 3.45763
1.26531 2.43634 3.9626
1.26531 2.69279 4.42649
1.26531 2.94925 4.72992
1.26531 3.20571 4.79479
1.26531 3.46216 4.60441
1.26531 3.71862 4.20778
1.26531 3.97508 3.70698
1.26531 4.23153 3.23088
1.26531 4.48799 2.90203
1.26531 4.74445 2.80505
1.26531 5.0009 2.96491
1.26531 5.25736 3.34046
1.26531 5.51382 3.83505
1.26531 5.77027 4.32139
1.26531 6.02673 4.67432
1.26531 6.28319 4.803

1.34694 -6.28319 5.44273
1.34694 -6.02673 5.31405
1.34694 -5.77027 4.96112
1.34694 -5.51382 4.47478
1.34694 -5.25736 3.98019
1.34694 -5.0009 3.60464
1.34694 -4.74445 3.44479
1.34694 -4.48799 3.54176
1.34694 -4.23153 3.87062
1.34694 -3.97508 4.34671
1.34694 -3.71862 4.84752
1.34694 -3.46216 5.24415
1.34694 -3.20571 5.43452
1.34694 -2.94925 5.36965
1.34694 -2.69279 5.06622
1.34694 -2.43634 4.60233
1.34694 -2.17988 4.09737
1.34694 -1.92342 3.68129
1.34694 -1.66697 3.46117
1.34694 -1.41051 3.49368
1.34694 -1.15405 3.77043
1.34694 -0.897598 4.22021
1.34694 -0.641141 4.72726
1.34694 -0.384685 5.16108
1.34694 -0.128228 5.41003
1.34694 0.128228 5.41003
1.34694 0.384685 5.16108
1.34694 0.641141 4.72726
1.34694 0.897598 4.22021
1.34694 1.15405 3.77043
1.34694 1.41051 3.49368
1.34694 1.66697 3.46117
1.34694 1.92342 3.68129
1.34694 2.17988 4.09737
1.34694 2.43634 4.60233
1.34694 2.69279 5.06622
1.34694 2.94925 5.36965
1.34694 3.20571 5.43452
1.34694 3.46216 5.24415
1.34694 3.71862 4.84752
1.34694 3.97508 4.34671
1.34694 4.23153 3.87062
1.34694 4.48799 3.54176
1.34694 4.74445 3.44479
1.34694 5.0009 3.60464
1.34694 5.25736 3.98019
1.34694 5.51382 4.47478
1.34694 5.77027 4.96112
1.34694 6.02673 5.31405
1.34694 6.28319 5.44273

1.42857 -6.28319 6.12245
1.42857 -6.02673 5.99377
1.42857 -5.77027 5.64084
1.42857 -5.51382 5.1545
1.42857 -5.25736 4.65991
1.42857 -5.0009 4.28436
1.42857 -4.74445 4.1245
1.42857 -4.48799 4.22148
1.42857 -4.23153 4.55033
1.42857 -3.97508 5.02643
1.42857 -3.71862 5.52723
1.42857 -3.46216 5.92386
1.42857 -3.20571 6.11424
1.42857 -2.94925 6.04937
1.42857 -2.69279 5.74594
1.42857 -2.43634 5.28205
1.42857 -2.17988 4.77708
1.42857 -1.92342 4.361
1.42857 -1.66697 4.14089
1.42857 -1.41051 4.17339
1.42857 -1.15405 4.45015
1.42857 -0.897598 4.89993
1.42857 -0.641141 5.40698
1.42857 -0.384685 5.8408
1.42857 -0.128228 6.08974
1.42857 0.128228 6.08974
1.42857 0.384685 5.8408
1.42857 0.641141 5.40698
1.42857 0.897598 4.89993
1.42857 1.15405 4.45015
1.42857 1.41051 4.17339
1.42857 1.66697 4.14089
1.42857 1.92342 4.361
1.42857 2.17988 4.77708
1.42857 2.43634 5.28205
1.42857 2.69279 5.74594
1.42857 2.94925 6.04937
1.42857 3.20571 6.11424
1.42857 3.46216 5.92386
1.42857 3.71862 5.52723
1.42857 3.97508 5.02643
1.42857 4.23153 4.55033
1.42857 4.48799 4.22148
1.42857 4.74445 4.1245
1.42857 5.0009 4.28436
1.42857 5.25736 4.65991
1.42857 5.51382 5.1545
1.42857 5.77027 5.64084
1.42857 6.02673 5.99377
1.42857 6.28319 6.12245

1.5102 -6.28319 6.84215
1.5102 -6.02673 6.71347
1.5102 -5.77027 6.36054
1.5102 -5.51382 5.8742
1.5102 -5.25736 5.37961
1.5102 -5.0009 5.00406
1.5102 -4.74445 4.8442
1.5102 -4.48799 4.94118
1.5102 -4.23153 5.27003
1.5102 -3.97508 5.74613
1.5102 -3.71862 6.24693
1.5102 -3.46216 6.64356
1.5102 -3.20571 6.83394
1.5102 -2.94925 6.76907
1.5102 -2.69279 6.46564
1.5102 -2.43634 6.00175
1.5102 -2.17988 5.49678
1.5102 -1.92342 5.0807
1.5102 -1.66697 4.86059
1.5102 -1.41051 4.89309
1.5102 -1.15405 5.16985
1.5102 -0.897598 5.61963
1.5102 -0.641141 6.12668
1.5102 -0.384685 6.5605
1.5102 -0.128228 6.80944
1.5102 0.128228 6.80944
1.5102 0.384685 6.5605
1.5102 0.641141 6.12668
1.5102 0.897598 5.61963
1.5102 1.15405 5.16985
1.5102 1.41051 4.89309
1.5102 1.66697 4.86059
1.5102 1.92342 5.0807
1.5102 2.17988 5.49678
1.5102 2.43634 6.00175
1.5102 2.69279 6.46564
1.5102 2.94925 6.76907
1.5102 3.20571 6.83394
1.5102 3.46216 6.64356
1.5102 3.71862 6.24693
1.5102 3.97508 5.74613
1.5102 4.23153 5.27003
1.5102 4.48799 4.94118
1.5102 4.74445 4.8442
1.5102 5.0009 5.00406
1.5102 5.25736 5.37961
1.5102 5.51382 5.8742
1.5102 5.77027 6.36054
1.5102 6.02673 6.71347
1.5102 6.28319 6.84215

1.59184 -6.28319 7.60183
1.59184 -6.02673 7.47315
1.59184 -5.77027 7.12023
1.59184 -5.51382 6.63388
1.59184 -5.25736 6.13929
1.59184 -5.0009 5.76374
1.59184 -4.74445 5.60389
1.59184 -4.48799 5.70086
1.59184 -4.23153 6.02972
1.59184 -3.97508 6.50581
1.59184 -3.71862 7.00662
1.59184 -3.46216 7.40325
1.59184 -3.20571 7.59362
1.59184 -2.94925 7.52875
1.59184 -2.69279 7.22532
1.59184 -2.43634 6.76143
1.59184 -2.17988 6.25647
1.59184 -1.92342 5.84039
1.59184 -1.66697 5.62027
1.59184 -1.41051 5.65278
1.59184 -1.15405 5.92953
1.59184 -0.897598 6.37931
1.59184 -0.641141 6.88636
1.59184 -0.384685 7.32018
1.59184 -0.128228 7.56913
1.59184 0.128228 7.56913
1.59184 0.384685 7.32018
1.59184 0.641141 6.88636
1.59184 0.897598 6.37931
1.59184 1.15405 5.92953
1.59184 1.41051 5.65278
1.59184 1.66697 5.62027
1.59184 1.92342 5.84039
1.59184 2.17988 6.25647
1.59184 2.43634 6.76143
1.59184 2.69279 7.22532
1.59184 2.94925 7.52875
1.59184 3.20571 7.59362
1.59184 3.46216 7.40325
1.59184 3.71862 7.00662
1.59184 3.97508 6.50581
1.59184 4.23153 6.02972
1.59184 4.48799 5.70086
1.59184 4.74445 5.60389
1.59184 5.0009 5.76374
1.59184 5.25736 6.13929
1.59184 5.51382 6.63388
1.59184 5.77027 7.12023
1.59184 6.02673 7.47315
1.59184 6.28319 7.60183

1.67347 -6.28319 8.4015
1.67347 -6.02673 8.27282
1.67347 -5.77027 7.91989
1.67347 -5.51382 7.43355
1.67347 -5.25736 6.93896
1.67347 -5.0009 6.56341
1.67347 -4.74445 6.40355
1.67347 -4.48799 6.50053
1.67347 -4.23153 6.82938
1.67347 -3.97508 7.30548
1.67347 -3.71862 7.80628
1.67347 -3.46216 8.20291
1.67347 -3.20571 8.39329
1.67347 -2.94925 8.32842
1.67347 -2.69279 8.02499
1.67347 -2.43634 7.5611
1.67347 -2.17988 7.05613
1.67347 -1.92342 6.64005
1.67347 -1.66697 6.41994
1.67347 -1.41051 6.45244
1.67347 -1.15405 6.7292
1.67347 -0.897598 7.17898
1.67347 -0.641141 7.68603
1.67347 -0.384685 8.11985
1.67347 -0.128228 8.36879
1.67347 0.128228 8.36879
1.67347 0.384685 8.11985
1.67347 0.641141 7.68603
1.67347 0.897598 7.17898
1.67347 1.15405 6.7292
1.67347 1.41051 6.45244
1.67347 1.66697 6.41994
1.67347 1.92342 6.64005
1.67347 2.17988 7.05613
1.67347 2.43634 7.5611
1.67347 2.69279 8.02499
1.67347 2.94925 8.32842
1.67347 3.20571 8.39329
1.67347 3.46216 8.20291
1.67347 3.71862 7.80628
1.67347 3.97508 7.30548
1.67347 4.23153 6.82938
1.67347 4.48799 6.50053
1.67347 4.74445 6.40355
1.67347 5.0009 6.56341
1.67347 5.25736 6.93896
1.67347 5.51382 7.43355
1.67347 5.77027 7.91989
1.67347 6.02673 8.27282
1.67347 6.28319 8.4015

1.7551 -6.28319 9.24115
1.7551 -6.02673 9.11247
1.7551 -5.77027 8.75954
1.7551 -5.51382 8.2732
1.7551 -5.25736 7.77861
1.7551 -5.0009 7.40306
1.7551 -4.74445 7.2432
1.7551 -4.48799 7.34018
1.7551 -4.23153 7.66903
1.7551 -3.97508 8.14513
1.7551 -3.71862 8.64593
1.7551 -3.46216 9.04256
1.7551 -3.20571 9.23294
1.7551 -2.94925 9.16807
1.7551 -2.69279 8.86464
1.7551 -2.43634 8.40075
1.7551 -2.17988 7.89578
1.7551 -1.92342 7.4797
1.7551 -1.66697 7.25959
1.7551 -1.41051 7.29209
1.7551 -1.15405 7.56885
1.7551 -0.897598 8.01863
1.7551 -0.641141 8.52568
1.7551 -0.384685 8.9595
1.7551 -0.128228 9.20844
1.7551 0.128228 9.20844
1.7551 0.384685 8.9595
1.7551 0.641141 8.52568
1.7551 0.897598 8.01863
1.7551 1.15405 7.56885
1.7551 1.41051 7.29209
1.7551 1.66697 7.25959
1.7551 1.92342 7.4797
1.7551 2.17988 7.89578
1.7551 2.43634 8.40075
1.7551 2.69279 8.86464
1.7551 2.94925 9.16807
1.7551 3.20571 9.23294
1.7551 3.46216 9.04256
1.7551 3.71862 8.64593
1.7551 3.97508 8.14513
1.7551 4.23153 7.66903
1.7551 4.48799 7.34018
1.7551 4.74445 7.2432
1.7551 5.0009 7.40306
1.7551 5.25736 7.77861
1.7551 5.51382 8.2732
1.7551 5.77027 8.75954
1.7551 6.02673 9.11247
1.7551 6.28319 9.24115

1.83673 -6.28319 10.1208
1.83673 -6.02673 9.9921
1.83673 -5.77027 9.63918
1.83673 -5.51382 9.15283
1.83673 -5.25736 8.65824
1.83673 -5.0009 8.28269
1.83673 -4.74445 8.12284
1.83673 -4.48799 8.21981
1.83673 -4.23153 8.54867
1.83673 -3.97508 9.02476
1.83673 -3.71862 9.52557
1.83673 -3.46216 9.9222
1.83673 -3.20571 10.1126
1.83673 -2.94925 10.0477
1.83673 -2.69279 9.74427
1.83673 -2.43634 9.28038
1.83673 -2.17988 8.77542
1.83673 -1.92342 8.35934
1.83673 -1.66697 8.13922
1.83673 -1.41051 8.17173
1.83673 -1.15405 8.44848
1.83673 -0.897598 8.89826
1.83673 -0.641141 9.40531
1.83673 -0.384685 9.83913
1.83673 -0.128228 10.0881
1.83673 0.128228 10.0881
1.83673 0.384685 9.83913
1.83673 0.641141 9.40531
1.83673 0.897598 8.89826
1.83673 1.15405 8.44848
1.83673 1.41051 8.17173
1.83673 1.66697 8.13922
1.83673 1.92342 8.35934
1.83673 2.17988 8.77542
1.83673 2.43634 9.28038
1.83673 2.69279 9.74427
1.83673 2.94925 10.0477
1.83673 3.20571 10.1126
1.83673 3.46216 9.9222
1.83673 3.71862 9.52557
1.83673 3.97508 9.02476
1.83673 4.23153 8.54867
1.83673 4.48799 8.21981
1.83673 4.74445 8.12284
1.83673 5.0009 8.28269
1.83673 5.25736 8.65824
1.83673 5.51382 9.15283
1.83673 5.77027 9.63918
1.83673 6.02673 9.9921
1.83673 6.28319 10.1208

1.91837 -6.28319 11.0404
1.91837 -6.02673 10.9117
1.91837 -5.77027 10.5588
1.91837 -5.51382 10.0725
1.91837 -5.25736 9.57786
1.91837 -5.0009 9.20231
1.91837 -4.74445 9.04245
1.91837 -4.48799 9.13943
1.91837 -4.23153 9.46828
1.91837 -3.97508 9.94438
1.91837 -3.71862 10.4452
1.91837 -3.46216 10.8418
1.91837 -3.20571 11.0322
1.91837 -2.94925 10.9673
1.91837 -2.69279 10.6639
1.91837 -2.43634 10.2
1.91837 -2.17988 9.69503
1.91837 -1.92342 9.27895
1.91837 -1.66697 9.05884
1.91837 -1.41051 9.09134
1.91837 -1.15405 9.3681
1.91837 -0.897598 9.81788
1.91837 -0.641141 10.3249
1.91837 -0.384685 10.7587
1.91837 -0.128228 11.0077
1.91837 0.128228 11.0077
1.91837 0.384685 10.7587
1.91837 0.641141 10.3249
1.91837 0.897598 9.81788
1.91837 1.15405 9.3681
1.91837 1.41051 9.09134
1.91837 1.66697 9.05884
1.91837 1.92342 9.27895
1.91837 2.17988 9.69503
1.91837 2.43634 10.2
1.91837 2.69279 10.6639
1.91837 2.94925 10.9673
1.91837 3.20571 11.0322
1.91837 3.46216 10.8418
1.91837 3.71862 10.4452
1.91837 3.97508 9.94438
1.91837 4.23153 9.46828
1.91837 4.48799 9.13943
1.91837 4.74445 9.04245
1.91837 5.0009 9.20231
1.91837 5.25736 9.57786
1.91837 5.51382 10.0725
1.91837 5.77027 10.5588
1.91837 6.02673 10.9117
1.91837 6.28319 11.0404

2 -6.28319 12
2 -6.02673 11.8713
2 -5.77027 11.5184
2 -5.51382 11.0321
2 -5.25736 10.5375
2 -5.0009 10.1619
2 -4.74445 10.0021
2 -4.48799 10.099
2 -4.23153 10.4279
2 -3.97508 10.904
2 -3.71862 11.4048
2 -3.46216 11.8014
2 -3.20571 11.9918
2 -2.94925 11.9269
2 -2.69279 11.6235
2 -2.43634 11.1596
2 -2.17988 10.6546
2 -1.92342 10.2386
2 -1.66697 10.0184
2 -1.41051 10.0509
2 -1.15405 10.3277
2 -0.897598 10.7775
2 -0.641141 11.2845
2 -0.384685 11.7183
2 -0.128228 11.9673
2 0.128228 11.9673
2 0.384685 11.7183
2 0.641141 11.2845
2 0.897598 10.7775
2 1.15405 10.3277
2 1.41051 10.0509
2 1.66697 10.0184
2 1.92342 10.2386
2 2.17988 10.6546
2 2.43634 11.1596
2 2.69279 11.6235
2 2.94925 11.9269
2 3.20571 11.9918
2 3.46216 11.8014
2 3.71862 11.4048
2 3.97508 10.904
2 4.23153 10.4279
2 4.48799 10.099
2 4.74445 10.0021
2 5.0009 10.1619
2 5.25736 10.5375
2 5.51382 11.0321
2 5.77027 11.5184
2 6.02673 11.8713
2 6.28319 12

